2.2E-10	2.48	0.583
2.4E-10	2.227	0
2.6E-10	2.043	0
2.8E-10	1.955	0
3E-10	1.902	0
3.2E-10	1.867	0
3.4E-10	1.845	0
3.6E-10	1.822	0
3.8E-10	1.806	0
4E-10	1.794	0
4.2E-10	1.784	0
4.4E-10	1.774	0
4.6E-10	1.766	0
4.8E-10	1.757	0
5E-10	1.752	0
5.2E-10	1.748	0
5.4E-10	1.744	0
5.6E-10	1.74	0
5.8E-10	1.739	0
6E-10	1.737	0
6.2E-10	1.735	0
6.4E-10	1.734	0
6.6E-10	1.732	0
6.8E-10	1.731	0
7E-10	1.731	0
7.2E-10	1.729	0
7.4E-10	1.729	0
7.6E-10	1.729	0
7.8E-10	1.729	0
8E-10	1.73	0
8.2E-10	1.731	0
8.4E-10	1.732	0
8.6E-10	1.733	0
8.8E-10	1.733	0
9E-10	1.733	0
9.2E-10	1.734	0
9.4E-10	1.734	0
9.6E-10	1.735	0
9.8E-10	1.735	0
0.000000001	1.736	0
1.02E-09	1.737	0
1.04E-09	1.738	0
1.06E-09	1.738	0
1.08E-09	1.739	0
1.1E-09	1.739	0
1.12E-09	1.74	0
1.14E-09	1.74	0
1.16E-09	1.74	0
1.18E-09	1.74	0
1.2E-09	1.74	0
1.22E-09	1.74	0
1.24E-09	1.74	0
1.26E-09	1.74	0
1.28E-09	1.74	0
1.3E-09	1.74	0
1.32E-09	1.739	0
1.34E-09	1.739	0
1.36E-09	1.739	0
1.38E-09	1.739	0
1.4E-09	1.739	0
1.42E-09	1.738	0
1.44E-09	1.738	0
1.46E-09	1.738	0
1.48E-09	1.738	0
1.5E-09	1.738	0
1.52E-09	1.738	0
1.54E-09	1.738	0
1.56E-09	1.738	0
1.58E-09	1.738	0
1.6E-09	1.738	0
1.62E-09	1.739	0
1.64E-09	1.739	0
1.66E-09	1.739	0
1.68E-09	1.739	0
1.7E-09	1.739	0
1.72E-09	1.74	0
1.74E-09	1.74	0
1.76E-09	1.74	0
1.78E-09	1.74	0
1.8E-09	1.74	0
1.82E-09	1.74	0
1.84E-09	1.74	0
1.86E-09	1.74	0
1.88E-09	1.74	0
1.9E-09	1.74	0
1.92E-09	1.74	0
1.94E-09	1.74	0
1.96E-09	1.74	0
1.98E-09	1.74	0
0.000000002	1.74	0
2.02E-09	1.74	0
2.04E-09	1.74	0
2.06E-09	1.74	0
2.08E-09	1.74	0
2.1E-09	1.74	0
2.12E-09	1.74	0
2.14E-09	1.74	0
2.16E-09	1.74	0
2.18E-09	1.74	0
2.2E-09	1.74	0
2.22E-09	1.739	0
2.24E-09	1.739	0
2.26E-09	1.739	0
2.28E-09	1.739	0
2.3E-09	1.74	0
2.32E-09	1.74	0
2.34E-09	1.74	0
2.36E-09	1.74	0
2.38E-09	1.74	0
2.4E-09	1.74	0
2.42E-09	1.74	0
2.44E-09	1.74	0
2.46E-09	1.74	0
2.48E-09	1.74	0
2.5E-09	1.741	0
2.5126E-09	1.741	0
2.5253E-09	1.741	0
2.5381E-09	1.741	0
2.551E-09	1.74	0
2.5641E-09	1.74	0
2.5773E-09	1.74	0
2.5907E-09	1.74	0
2.6042E-09	1.74	0
2.6178E-09	1.74	0
2.6316E-09	1.74	0
2.6455E-09	1.74	0
2.6596E-09	1.74	0
2.6738E-09	1.74	0
2.6882E-09	1.74	0
2.7027E-09	1.739	0
2.7174E-09	1.739	0
2.7322E-09	1.739	0
2.7473E-09	1.739	0
2.7624E-09	1.739	0
2.7778E-09	1.739	0
2.7933E-09	1.739	0
2.809E-09	1.739	0
2.8249E-09	1.739	0
2.8409E-09	1.738	0
2.8571E-09	1.738	0
2.8736E-09	1.738	0
2.8902E-09	1.738	0
2.907E-09	1.738	0
2.924E-09	1.738	0
2.9412E-09	1.738	0
2.9586E-09	1.737	0
2.9762E-09	1.737	0
2.994E-09	1.737	0
3.012E-09	1.737	0
3.0303E-09	1.737	0
3.0488E-09	1.737	0
3.0675E-09	1.737	0
3.0864E-09	1.737	0
3.1056E-09	1.737	0
3.125E-09	1.737	0
3.1447E-09	1.737	0
3.1646E-09	1.737	0
3.1847E-09	1.738	0
3.2051E-09	1.738	0
3.2258E-09	1.738	0
3.2468E-09	1.738	0
3.268E-09	1.738	0
3.2895E-09	1.738	0
3.3113E-09	1.738	0
3.3333E-09	1.738	0
3.3557E-09	1.738	0
3.3784E-09	1.738	0
3.4014E-09	1.738	0
3.4247E-09	1.738	0
3.4483E-09	1.738	0
3.4722E-09	1.737	0
3.4965E-09	1.737	0
3.5211E-09	1.737	0
3.5461E-09	1.737	0
3.5714E-09	1.737	0
3.5971E-09	1.737	0
3.6232E-09	1.737	0
3.6496E-09	1.737	0
3.6765E-09	1.737	0
3.7037E-09	1.737	0
3.7313E-09	1.737	0
3.7594E-09	1.737	0
3.7879E-09	1.737	0
3.8168E-09	1.737	0
3.8462E-09	1.737	0
3.876E-09	1.737	0
3.9063E-09	1.737	0
3.937E-09	1.737	0
3.9683E-09	1.737	0
0.000000004	1.737	0
4.0323E-09	1.737	0
4.065E-09	1.737	0
4.0984E-09	1.737	0
4.1322E-09	1.737	0
4.1667E-09	1.737	0
4.2017E-09	1.737	0
4.2373E-09	1.737	0
4.2735E-09	1.737	0
4.3103E-09	1.737	0
4.3478E-09	1.737	0
4.386E-09	1.737	0
4.4248E-09	1.737	0
4.4643E-09	1.737	0
4.5045E-09	1.737	0
4.5455E-09	1.737	0
4.5872E-09	1.737	0
4.6296E-09	1.737	0
4.6729E-09	1.737	0
4.717E-09	1.737	0
4.7619E-09	1.737	0
4.8077E-09	1.737	0
4.8544E-09	1.737	0
4.902E-09	1.737	0
4.9505E-09	1.737	0
0.000000005	1.737	0
5.0505E-09	1.737	0
5.102E-09	1.737	0
5.1546E-09	1.737	0
5.2083E-09	1.737	0
5.2632E-09	1.738	0
5.3191E-09	1.738	0
5.3763E-09	1.738	0
5.4348E-09	1.738	0
5.4945E-09	1.738	0
5.5556E-09	1.738	0
5.618E-09	1.738	0
5.6818E-09	1.738	0
5.7471E-09	1.738	0
5.814E-09	1.738	0
5.8824E-09	1.738	0
5.9524E-09	1.738	0
6.0241E-09	1.738	0
6.0976E-09	1.738	0
6.1728E-09	1.738	0
6.25E-09	1.738	0
6.3291E-09	1.738	0
6.4103E-09	1.738	0
6.4935E-09	1.739	0
6.5789E-09	1.739	0
6.6667E-09	1.739	0
6.7568E-09	1.739	0
6.8493E-09	1.739	0
6.9444E-09	1.739	0
7.0423E-09	1.739	0
7.1429E-09	1.739	0
7.2464E-09	1.739	0
7.3529E-09	1.739	0
7.4627E-09	1.739	0
7.5758E-09	1.739	0
7.6923E-09	1.739	0
7.8125E-09	1.739	0
7.9365E-09	1.739	0
8.0645E-09	1.739	0
8.1967E-09	1.739	0
8.3333E-09	1.739	0
8.4746E-09	1.739	0
8.6207E-09	1.739	0
8.7719E-09	1.739	0
8.9286E-09	1.739	0
9.0909E-09	1.739	0
9.2593E-09	1.739	0
9.434E-09	1.74	0
9.6154E-09	1.74	0
9.8039E-09	1.74	0
0.00000001	1.74	0
1.02041E-08	1.74	0
1.04167E-08	1.74	0
1.06383E-08	1.74	0
1.08696E-08	1.74	0
1.11111E-08	1.74	0
1.13636E-08	1.739	0
1.16279E-08	1.739	0
1.19048E-08	1.739	0
1.21951E-08	1.739	0
1.25E-08	1.739	0
1.28205E-08	1.739	0
1.31579E-08	1.738	0
1.35135E-08	1.738	0
1.38889E-08	1.738	0
1.42857E-08	1.738	0
1.47059E-08	1.738	0
1.51515E-08	1.738	0
1.5625E-08	1.738	0
1.6129E-08	1.739	0
1.66667E-08	1.739	0
1.72414E-08	1.739	0
1.78571E-08	1.738	0
1.85185E-08	1.738	0
1.92308E-08	1.738	0
0.00000002	1.737	0
2.08333E-08	1.737	0
2.17391E-08	1.736	0
2.27273E-08	1.735	0
2.38095E-08	1.731	0
0.000000025	1.728	0
2.63158E-08	1.725	0
2.77778E-08	1.721	0
2.94118E-08	1.716	0
3.125E-08	1.713	0
3.33333E-08	1.708	0
3.57143E-08	1.701	0
3.84615E-08	1.693	0
4.16667E-08	1.683	0
4.54545E-08	1.67	0
0.00000005	1.651	0
5.55556E-08	1.624	0
6.25E-08	1.584	0
7.14286E-08	1.516	0.001
8.33333E-08	1.385	0.013
0.0000001	1.037	0.092
0.000000125	0.484	0.938
1.66667E-07	6.332	7.237
